WavelengthA	PBM2Y	               PBM8Y	              PBM18Y	
3500	          -0,5887987	          -0,5043492	          -0,5103385	
3565	          -0,5414854	          -0,4650394	          -0,4706710	
3630	          -0,4997478	          -0,4302204	          -0,4355129	
3695	          -0,4627098	          -0,3992063	          -0,4041798	
3760	          -0,4296662	          -0,3714421	          -0,3761171	
3825	          -0,4000442	          -0,3464741	          -0,3508709	
3890	          -0,3733732	          -0,3239280	          -0,3280661	
3955	          -0,3492636	          -0,3034923	          -0,3073899	
4020	          -0,3273900	          -0,2849055	          -0,2885800	
4085	          -0,3074787	          -0,2679470	          -0,2714142	
4150	          -0,2892977	          -0,2524288	          -0,2557036	
4215	          -0,2726494	          -0,2381904	          -0,2412864	
4280	          -0,2573643	          -0,2250933	          -0,2280231	
4345	          -0,2432963	          -0,2130181	          -0,2157932	
4410	          -0,2303188	          -0,2018606	          -0,2044917	
4475	          -0,2183215	          -0,1915300	          -0,1940270	
4540	          -0,2072082	          -0,1819469	          -0,1843187	
4605	          -0,1968942	          -0,1730410	          -0,1752959	
4670	          -0,1873051	          -0,1647505	          -0,1668962	
4735	          -0,1783750	          -0,1570205	          -0,1590639	
4800	          -0,1700453	          -0,1498021	          -0,1517498	
4865	          -0,1622640	          -0,1430518	          -0,1449097	
4930	          -0,1549847	          -0,1367307	          -0,1385043	
4995	          -0,1481657	          -0,1308037	          -0,1324981	
5060	          -0,1417697	          -0,1252394	          -0,1268594	
5125	          -0,1357631	          -0,1200095	          -0,1215594	
5190	          -0,1301156	          -0,1150883	          -0,1165722	
5255	          -0,1247998	          -0,1104526	          -0,1118742	
5320	          -0,1197908	          -0,1060814	          -0,1074443	
5385	          -0,1150660	          -0,1019555	          -0,1032629	
5450	          -0,1106051	          -0,0980575	          -0,0993123	
5515	          -0,1063893	          -0,0943714	          -0,0955766	
5580	          -0,1024014	          -0,0908826	          -0,0920408	
5645	          -0,0986260	          -0,0875779	          -0,0886915	
5710	          -0,0950486	          -0,0844451	          -0,0855164	
5775	          -0,0916562	          -0,0814727	          -0,0825039	
5840	          -0,0884367	          -0,0786506	          -0,0796436	
5905	          -0,0853790	          -0,0759692	          -0,0769260	
5970	          -0,0824729	          -0,0734197	          -0,0743420	
6035	          -0,0797089	          -0,0709940	          -0,0718834	
6100	          -0,0770784	          -0,0686845	          -0,0695426	
6165	          -0,0745731	          -0,0664843	          -0,0673126	
6230	          -0,0721858	          -0,0643871	          -0,0651869	
6295	          -0,0699094	          -0,0623867	          -0,0631593	
6360	          -0,0677374	          -0,0604776	          -0,0612243	
6425	          -0,0656640	          -0,0586546	          -0,0593765	
6490	          -0,0636836	          -0,0569131	          -0,0576112	
6555	          -0,0617909	          -0,0552483	          -0,0559237	
6620	          -0,0599812	          -0,0536562	          -0,0543099	
6685	          -0,0582499	          -0,0521328	          -0,0527657	
6750	          -0,0565929	          -0,0506746	          -0,0512874	
6815	          -0,0550061	          -0,0492780	          -0,0498717	
6880	          -0,0534860	          -0,0479399	          -0,0485152	
6945	          -0,0520290	          -0,0466572	          -0,0472148	
7010	          -0,0506319	          -0,0454272	          -0,0459679	
7075	          -0,0492917	          -0,0442473	          -0,0447716	
7140	          -0,0480056	          -0,0431148	          -0,0436234	
7205	          -0,0467709	          -0,0420276	          -0,0425211	
7270	          -0,0455850	          -0,0409834	          -0,0414623	
7335	          -0,0444457	          -0,0399801	          -0,0404450	
7400	          -0,0433506	          -0,0390159	          -0,0394673	
7465	          -0,0422977	          -0,0380888	          -0,0385272	
7530	          -0,0412850	          -0,0371972	          -0,0376230	
7595	          -0,0403107	          -0,0363395	          -0,0367530	
7660	          -0,0393729	          -0,0355140	          -0,0359158	
7725	          -0,0384701	          -0,0347193	          -0,0351098	
7790	          -0,0376006	          -0,0339541	          -0,0343336	
7855	          -0,0367630	          -0,0332171	          -0,0335860	
7920	          -0,0359559	          -0,0325070	          -0,0328656	
7985	          -0,0351779	          -0,0318227	          -0,0321713	
8050	          -0,0344278	          -0,0311630	          -0,0315020	
8115	          -0,0337044	          -0,0305269	          -0,0308565	
8180	          -0,0330065	          -0,0299135	          -0,0302340	
8245	          -0,0323332	          -0,0293217	          -0,0296334	
8310	          -0,0316832	          -0,0287507	          -0,0290539	
8375	          -0,0310558	          -0,0281996	          -0,0284945	
8440	          -0,0304500	          -0,0276677	          -0,0279545	
8505	          -0,0298648	          -0,0271542	          -0,0274331	
8570	          -0,0292995	          -0,0266582	          -0,0269295	
8635	          -0,0287533	          -0,0261792	          -0,0264431	
8700	          -0,0282255	          -0,0257165	          -0,0259731	
8765	          -0,0277152	          -0,0252694	          -0,0255190	
8830	          -0,0272219	          -0,0248373	          -0,0250801	
8895	          -0,0267449	          -0,0244198	          -0,0246558	
8960	          -0,0262835	          -0,0240161	          -0,0242456	
9025	          -0,0258372	          -0,0236259	          -0,0238489	
9090	          -0,0254054	          -0,0232485	          -0,0234654	
9155	          -0,0249875	          -0,0228836	          -0,0230943	
9220	          -0,0245831	          -0,0225307	          -0,0227355	
9285	          -0,0241917	          -0,0221893	          -0,0223882	
9350	          -0,0238128	          -0,0218591	          -0,0220523	
9415	          -0,0234459	          -0,0215396	          -0,0217272	
9480	          -0,0230906	          -0,0212304	          -0,0214125	
9545	          -0,0227465	          -0,0209313	          -0,0211080	
9610	          -0,0224132	          -0,0206418	          -0,0208132	
9675	          -0,0220904	          -0,0203616	          -0,0205279	
9740	          -0,0217776	          -0,0200904	          -0,0202516	
9805	          -0,0214746	          -0,0198279	          -0,0199841	
9870	          -0,0211809	          -0,0195739	          -0,0197252	
9935	          -0,0208964	          -0,0193279	          -0,0194744	
10000	          -0,0206206	          -0,0190898	          -0,0192315	
