WavelengthA	Transmission
3840	0.6445610012
3853	0.6460524704
3865	0.6475293775
3878	0.64899096
3891	0.650437667
3904	0.6518690035
3916	0.6532852915
3929	0.6546861635
3942	0.6560719506
3955	0.6574425638
3967	0.6587977854
3980	0.6601378079
3993	0.661462689
4005	0.6627673112
4018	0.664049951
4031	0.6653171721
4044	0.6665690421
4056	0.6678060497
4069	0.6690276861
4082	0.6702338952
4095	0.6714252972
4107	0.6726015431
4120	0.6737624279
4133	0.6749085807
4145	0.6760396611
4158	0.6771555986
4171	0.6782568974
4184	0.6793433497
4196	0.6804149005
4209	0.6814719091
4222	0.6825140283
4234	0.6835417822
4247	0.6845548187
4260	0.6855536506
4273	0.6865378096
4285	0.6875080845
4298	0.6884641425
4311	0.6894057944
4324	0.6903332634
4336	0.6912470853
4349	0.69214707
4362	0.6930330206
4374	0.6939051797
4387	0.6947642257
4400	0.6956093883
4413	0.6964412108
4425	0.6972596473
4438	0.6980649475
4451	0.698857062
4464	0.6996359676
4476	0.7004020454
4489	0.7011551277
4502	0.7018948961
4514	0.7026159058
4527	0.7033240871
4540	0.7040201281
4553	0.7047038546
4565	0.7053753822
4578	0.7060346823
4591	0.706682306
4604	0.7073176382
4616	0.7079415277
4629	0.708553948
4642	0.7091545842
4654	0.7097439829
4667	0.7103218327
4680	0.710888415
4693	0.7114442708
4705	0.7119888065
4718	0.7125227222
4731	0.7130452613
4743	0.7135578797
4756	0.7140595257
4769	0.714550617
4782	0.7150318709
4794	0.7155026835
4807	0.7159631721
4820	0.7164139194
4833	0.7168544542
4845	0.7172853707
4858	0.717706334
4871	0.7181182212
4883	0.7185202924
4896	0.7189131024
4909	0.7192964995
4922	0.7196710565
4934	0.7200363273
4947	0.7203925824
4960	0.7207404097
4973	0.7210789073
4985	0.7214089376
4998	0.7217306551
5011	0.722040832
5023	0.7223420825
5036	0.7226351269
5049	0.7229200996
5062	0.7231972977
5074	0.7234662572
5087	0.7237274117
5100	0.7239812082
5113	0.7242270325
5125	0.7244654834
5138	0.724696386
5151	0.7249200607
5163	0.7251364664
5176	0.7253457674
5189	0.7255479427
5202	0.7257432981
5214	0.725931365
5227	0.7261131907
5240	0.7262880224
5252	0.7264562938
5265	0.7266181568
5278	0.7267735988
5291	0.7269229261
5303	0.7270653665
5316	0.7272019876
5329	0.7273327603
5342	0.7274572491
5354	0.7275758822
5367	0.7276883632
5380	0.7277955878
5392	0.7278971066
5405	0.7279926095
5418	0.7280828413
5431	0.7281679554
5443	0.7282474896
5456	0.7283214433
5469	0.7283904204
5482	0.7284544073
5494	0.7285132596
5507	0.7285656446
5520	0.7286124596
5532	0.7286542795
5545	0.7286912504
5558	0.7287236666
5571	0.7287512238
5583	0.7287745264
5596	0.7287934277
5609	0.7288079151
5622	0.7288176884
5634	0.7288234974
5647	0.7288250384
5660	0.7288226073
5672	0.7288156154
5685	0.7288049507
5698	0.7287904688
5711	0.7287716989
5723	0.7287495695
5736	0.7287234556
5749	0.7286933675
5761	0.7286600498
5774	0.7286227536
5787	0.728582072
5800	0.7285380126
5812	0.7284905719
5825	0.7284396008
5838	0.728385399
5851	0.7283279486
5863	0.7282669724
5876	0.72820306
5889	0.7281363588
5901	0.7280659708
5914	0.7279930954
5927	0.7279172785
5940	0.7278383782
5952	0.7277566835
5965	0.7276720527
5978	0.7275846299
5991	0.7274948678
6003	0.7274020183
6016	0.7273053505
6029	0.727205898
6041	0.7271045407
6054	0.7270005487
6067	0.726893912
6080	0.726784934
6092	0.7266739088
6105	0.7265600947
6118	0.7264442337
6131	0.7263264819
6143	0.7262060807
6156	0.7260837902
6169	0.7259592995
6181	0.7258329234
6194	0.7257043476
6207	0.725573728
6220	0.7254412061
6232	0.7253069449
6245	0.7251707901
6258	0.7250325877
6270	0.7248926387
6283	0.7247512451
6296	0.7246076596
6309	0.7244624765
6321	0.7243156967
6334	0.7241673182
6347	0.7240176473
6360	0.7238659227
6372	0.7237127613
6385	0.7235581422
6398	0.7234019388
6410	0.723244734
6423	0.7230854837
6436	0.7229250871
6449	0.7227635387
6461	0.7226004025
6474	0.7224362573
6487	0.722270525
6500	0.7221036435
6512	0.7219344422
6525	0.7217643946
6538	0.7215928985
6550	0.721420252
6563	0.7212466147
6576	0.7210719756
6589	0.7208958933
6601	0.7207192611
6614	0.7205411785
6627	0.7203623959
6640	0.7201824702
6652	0.7200018461
6665	0.719820226
6678	0.7196377521
6690	0.719454284
6703	0.7192701107
6716	0.7190847961
6729	0.7188989334
6741	0.7187123652
6754	0.7185249494
6767	0.7183366844
6779	0.7181478726
6792	0.7179583501
6805	0.7177678453
6818	0.7175770742
6830	0.717385167
6843	0.7171930013
6856	0.7170002857
6869	0.7168070208
6881	0.7166126069
6894	0.7164185327
6907	0.7162231657
6919	0.7160275511
6932	0.715831377
6945	0.7156349547
6958	0.7154375326
6970	0.7152403064
6983	0.715042223
6996	0.7148438936
7009	0.7146448613
7021	0.7144457225
7034	0.7142460323
7047	0.714045938
7059	0.7138457357
7072	0.7136452808
7085	0.7134441352
7098	0.7132427207
7110	0.7130409115
7123	0.7128395799
7136	0.7126369638
7149	0.7124346828
7161	0.7122321506
7174	0.7120292081
7187	0.7118258643
7199	0.7116225585
7212	0.7114191468
7225	0.7112156227
7238	0.7110115517
7250	0.7108078173
7263	0.7106033847
7276	0.7103991285
7288	0.7101947747
7301	0.7099901655
7314	0.709785291
7327	0.7095807532
7339	0.7093756704
7352	0.7091706207
7365	0.7089656102
7378	0.7087606386
7390	0.7085552608
7403	0.7083502177
7416	0.7081449124
7428	0.7079398001
7441	0.7077347172
7454	0.7075290849
7467	0.7073237895
7479	0.7071189625
7492	0.7069134449
7505	0.7067081184
7518	0.7065022475
7530	0.7062962689
7543	0.7060904739
7556	0.7058848622
7568	0.7056788465
7581	0.7054735954
7594	0.7052679465
7607	0.7050627691
7619	0.7048573374
7632	0.7046520831
7645	0.7044471629
7658	0.7042419808
7670	0.7040372699
7683	0.7038324558
7696	0.7036281106
7708	0.7034235078
7721	0.7032192367
7734	0.7030151404
7747	0.7028112289
7759	0.7026074942
7772	0.702403506
7785	0.7022002792
7797	0.7019970824
7810	0.7017942145
7823	0.7015913786
7836	0.7013885843
7848	0.701186107
7861	0.7009841027
7874	0.7007818338
7887	0.7005801875
7899	0.7003782846
7912	0.7001771385
7925	0.6999761667
7937	0.6997752361
7950	0.6995744791
7963	0.699374048
7976	0.6991739405
7988	0.698974291
8001	0.6987742484
8014	0.6985752474
8027	0.6983759911
8039	0.6981773459
8052	0.6979785898
8065	0.6977804407
8077	0.6975823298
8090	0.6973846779
8103	0.6971874956
8116	0.6969903403
8128	0.6967933636
8141	0.6965971412
8154	0.6964006628
8167	0.696204936
8179	0.6960092346
8192	0.6958140015
8205	0.6956188027
8217	0.695424206
8230	0.6952297905
8243	0.6950356879
8256	0.6948419068
8268	0.6946487281
8281	0.6944557299
8294	0.694262896
8306	0.6940703894
8319	0.6938784867
8332	0.6936867555
8345	0.6934954823
8357	0.693304384
8370	0.6931136097
8383	0.692923432
8396	0.6927331422
8408	0.6925434547
8421	0.6923543733
8434	0.6921653158
8446	0.6919768651
8459	0.6917884431
8472	0.6916007626
8485	0.6914131119
8497	0.6912263542
8510	0.6910393401
8523	0.6908530639
8536	0.69066667
8548	0.6904810295
8561	0.6902956975
8574	0.6901111048
8586	0.6899262607
8599	0.6897422995
8612	0.6895583688
8625	0.6893751746
8637	0.6891918696
8650	0.6890092999
8663	0.6888269068
8676	0.6886449693
8688	0.6884634795
8701	0.688282166
8714	0.688101589
8726	0.6879211852
8739	0.6877415146
8752	0.6875617326
8765	0.6873824055
8777	0.6872035269
8790	0.6870252483
8803	0.6868471361
8815	0.6866697641
8828	0.6864922729
8841	0.68631552
8854	0.6861389345
8866	0.685962801
8879	0.6857872605
8892	0.6856120318
8905	0.6854369723
8917	0.6852626467
8930	0.6850886277